4.193524318522378587e-55,1.000000000000000000e+00,3.095076845231940065e-27,3.497119124291733590e-36
1.239398561144879569e-10,5.804634085107731600e-01,4.195365913652869261e-01,2.216115553238235647e-22
1.849189951926074892e-35,3.262121351310904860e-01,6.737878648689095140e-01,4.729702941637574944e-54
6.347624628476190856e-02,1.252250826703054611e-05,9.365112312069709954e-01,2.717426301749258531e-31
1.503215080058443315e-02,2.565271742339871119e-41,9.849678491994156015e-01,1.188417232301719593e-50
1.292550062908586936e-30,5.962834821944558161e-01,4.037165178055441284e-01,6.198853786229713502e-44
7.561276140181385497e-01,2.438395252776440758e-01,3.286070421739931997e-05,2.261565140316184673e-50
1.219407996294806323e-31,9.057863231426515060e-01,9.421367685734850783e-02,3.149331933170660652e-23
2.826979378495921524e-64,9.999999975197549906e-01,2.480245101158093059e-09,2.797748873233390044e-38
8.159827540721067969e-38,1.041773374018940781e-99,1.158807606521222854e-98,1.000000000000000000e+00
1.085506849599055246e-01,8.914493150400945032e-01,1.514914514405099340e-32,1.768601684494549744e-54
8.295895238373069027e-57,2.857530402648706530e-16,9.999999999999996669e-01,4.824779171335283984e-45
4.348634996176785061e-01,1.089469065891846885e-38,5.651365003823215494e-01,2.914296584634871394e-42
2.603391551602317007e-28,4.260746989827144287e-25,9.661143493381387781e-01,3.388565066186127739e-02
7.794663411688596000e-01,2.272217593956132585e-26,2.205336588311403445e-01,4.492653036903403665e-46
2.246552641409390451e-53,6.227161710044265484e-39,6.999319211153222087e-01,3.000680788846777913e-01
9.999967521273359639e-01,3.247872664020925745e-06,9.095848259338260183e-44,4.383971764464832765e-47
5.223038911160901034e-22,2.621563425423623084e-01,7.378436574576376916e-01,1.610895792713016497e-32
3.751808083410687212e-29,1.935058533272237535e-01,8.064941466727761910e-01,3.517234637050638253e-28
2.824615773267235563e-01,2.530486593943304169e-38,7.175384226732763882e-01,2.733022309242954523e-57
5.381312608080253246e-65,1.486933005715131733e-14,1.163610821824910030e-12,9.999999999988214983e-01
5.691852039522133476e-22,7.476986864390481324e-01,2.523013135609518676e-01,8.423392065057465418e-52
6.742928960807268469e-16,3.402964185801666264e-01,1.910094206590527218e-28,6.597035814198327630e-01
4.442391162687357731e-02,1.254976696419838361e-09,9.555760871181496752e-01,3.523193629467622530e-29
6.362722819431404497e-02,7.949838164665340434e-01,1.399540834754392504e-01,1.434871863712724495e-03
1.921384039511506425e-26,3.580725728872358984e-11,9.999999999641927539e-01,2.000197034392116330e-23
1.643273925989344682e-28,1.372817925412457265e-07,9.999998627182073996e-01,1.894804160249088753e-103
1.306699002180719160e-05,1.157550390642183370e-04,9.998711779709139602e-01,1.450038807530962333e-51
7.168212762301379160e-01,1.138202471319874586e-07,2.831786099496150233e-01,9.289041272719158439e-64
1.281610043323658242e-05,3.409991462987105315e-01,6.497983115420238320e-01,9.189726058832260736e-03
3.521211395977195646e-46,1.865392998975072763e-58,1.000000000000000000e+00,7.154053459749782226e-34
4.019976807863221670e-33,1.000000000000000000e+00,1.954195726031423877e-178,1.273829281009038324e-96
6.372070437830627973e-21,1.009862658844759610e-26,1.000000000000000000e+00,2.669526352658641008e-24
7.517827230182820981e-07,3.528086325789932316e-43,8.412223429047762657e-01,1.587769053125006880e-01
2.400812707820636771e-01,3.075651141693930844e-36,2.835540428497801968e-01,4.763646863681560428e-01
4.421381386323355957e-13,5.140957094180483855e-01,4.859042905814538460e-01,5.568065815534268884e-14
1.857181159146113016e-22,2.348172236127175878e-05,6.927448295352501839e-01,3.072316887423885423e-01
5.360671192185364025e-21,9.999996389467568081e-01,3.610532431710481180e-07,7.610184739425362163e-46
5.530247366757640138e-68,7.056886284176823513e-71,1.000000000000000000e+00,1.154391744418650139e-51
2.831369515246536290e-46,1.006651152693991397e-64,9.122712317575050605e-99,1.000000000000000000e+00
3.228451876574569894e-33,1.916034645786795133e-36,9.587575778419704653e-01,4.124242215802951389e-02
1.538008823435415657e-07,4.294762632152170535e-16,9.999998461991171927e-01,7.366490528470418024e-70
6.718675006414870365e-02,7.512259678203982866e-29,3.421351114700340035e-01,5.906781384658171818e-01
9.447278085280151840e-29,2.324094611601385172e-45,3.597176473233659189e-01,6.402823526766340256e-01
1.676464624993589669e-01,6.671698480806322884e-01,1.651836894200088002e-01,8.480639651312802425e-19
6.182318315178296780e-58,7.579431080403109055e-65,4.324057255776978816e-60,1.000000000000000000e+00
9.086600009876022455e-02,4.908574363390762124e-24,2.246004747692253131e-54,9.091339999012397755e-01
5.277972420577358159e-01,4.721647544680138142e-01,3.800347425030925936e-05,8.549968814647855526e-38
9.848310590107826100e-59,2.437174899951188770e-37,7.124459203496308346e-02,9.287554079650369721e-01
2.354444050772019846e-46,4.877987295794783407e-01,5.122012704205216593e-01,3.021095710385852644e-53
1.793254314689873251e-13,6.693486118428822185e-02,4.816097200077349008e-30,9.330651388155324355e-01
3.077347859686409559e-01,6.922652140313589886e-01,5.405974239669993783e-29,5.267577049296512780e-48
4.405192545193329864e-47,4.381870224103802107e-47,8.103604647948542314e-45,1.000000000000000000e+00
2.036505632958529203e-41,3.400729919996531354e-43,1.000000000000000000e+00,6.665078889700903858e-20
8.041133069129873245e-01,6.703165913966417160e-41,1.958866930870127032e-01,1.688159029676975043e-45
5.958324488431884225e-01,3.663435901699410218e-22,3.815770564492610428e-01,2.259049470755046182e-02
2.870792284512911352e-01,1.201675589406615285e-01,5.927532126080473640e-01,1.680947604139136200e-32
1.000649287899731227e-33,4.825730624924508182e-56,2.288635972886619983e-57,1.000000000000000000e+00
3.849290979815293983e-23,9.268773809013763374e-12,5.481913129516719187e-49,9.999999999907311921e-01
2.700717134448809009e-01,2.044587369850396906e-16,3.712190791820022540e-01,3.587092073731165676e-01
6.128117054378810374e-50,1.731293572093264915e-23,1.000000000000000000e+00,7.673745075646807845e-39
8.479412794346296023e-01,4.414950435040419334e-34,1.520587205653704810e-01,1.582491992237475022e-30
4.619421697121047776e-01,6.998300337486586796e-28,5.380578302878952224e-01,6.090999831013913690e-19
9.999476419533741556e-01,4.962582024374362242e-94,1.612650981251114636e-99,5.235804662575730084e-05
1.000000000000000000e+00,6.084985292374573196e-38,1.154352620432451268e-74,4.143537210726209410e-17
2.666503391273064605e-21,1.299346557907676909e-06,9.999987006534420964e-01,1.549570342839149883e-41
8.991994867913934986e-01,9.085057566560784769e-15,1.008005132085975364e-01,5.647678778637402018e-39
3.961576050331998806e-23,1.359751797323734968e-01,8.640248202676266143e-01,6.143678724322516914e-44
3.393462500008290750e-01,1.167386225623696388e-25,6.606537499991709250e-01,1.685435856394930577e-32
4.322723261899399372e-01,2.791358527206029067e-78,2.697945752217938901e-63,5.677276738100600628e-01
9.999997158520901319e-01,2.841479099080427702e-07,2.396058641540034184e-38,1.704925009946421397e-38
3.615287175701818456e-01,5.745073922527020212e-25,6.384712824298182099e-01,8.069017879617861770e-61
7.908277989089100182e-11,5.079112473414981732e-01,4.993799763364192861e-53,4.920887525794190309e-01
2.660908006724692874e-03,3.751941825577089773e-01,3.369704388418390262e-01,2.851744705937273583e-01
5.392359991745060928e-49,5.026082535389858608e-01,1.636836169817233896e-17,4.973917464610141947e-01
2.114557858913060821e-35,9.719218842937380476e-01,1.131122345212814448e-46,2.807811570626190037e-02
1.582684059956819621e-31,1.000000000000000000e+00,1.424141775326681552e-47,1.075369686337060802e-19
5.761226627205939810e-01,4.238773372794043537e-01,1.239817007510423034e-26,1.616121100883350190e-15
4.487634792239764710e-61,2.718208275778956810e-55,3.618181068489371178e-48,1.000000000000000000e+00
4.432865580425713881e-01,3.573168566464408058e-01,1.993965853109877784e-01,1.439485921985284559e-22
5.127038167798260331e-13,9.999999999994872990e-01,2.372909116549337426e-74,7.541138979996169307e-55
6.081124788947250837e-02,1.357611709318342341e-29,9.391887521105275471e-01,6.376451975678187516e-51
1.164459946570037716e-15,4.534800524556148460e-01,3.765932411073194541e-01,1.699267064370645341e-01
6.921221198262318905e-26,9.999999863491492169e-01,1.365085090869598573e-08,7.702532133029201335e-53
3.516044365493761319e-49,4.323115606906627328e-01,5.676884393093372116e-01,4.371984557778212171e-53
1.000000000000000000e+00,6.186280457591236725e-17,2.821233552277403469e-47,3.997522274245693747e-43
5.724409928937647459e-26,1.960140064088101153e-01,8.039859935911898292e-01,2.713278373434812112e-82
1.026006381947523679e-81,3.596102360884070315e-01,6.403897639115929685e-01,1.025466142958700192e-35
1.256255297818099144e-59,7.708371296381927289e-65,1.000000000000000000e+00,3.985031762350319471e-47
1.672707357724222688e-01,5.023583120291194026e-01,3.012751547824955578e-01,2.909579741596270142e-02
8.273984399711656840e-11,2.272762190613202050e-21,5.220298715582568638e-01,4.779701283590032102e-01
1.668060816790360682e-68,1.663382936369245946e-01,8.336617063630754609e-01,3.142670515812042015e-75
2.018326927291498374e-25,9.695680071070305457e-23,2.850473376574160115e-61,1.000000000000000000e+00
5.195783384484797569e-28,1.377289368740561158e-10,9.999999998622711717e-01,1.180166517178308907e-96
4.879620765017092845e-08,9.092247581379723220e-01,9.077519306581995073e-02,4.920212197742103676e-31
1.712610084460774211e-20,1.000000000000000000e+00,4.131657229213110738e-33,2.248898334171360595e-65
3.396020279434674172e-06,2.230531028098665866e-21,1.304565200442921815e-09,9.999966026751554438e-01
2.676691328069385082e-15,2.034228473731615445e-35,9.999999999999973355e-01,9.260709316713848960e-29
8.951456467020922152e-29,1.000000000000000000e+00,4.054389811471095357e-21,5.728093618139710179e-61
2.871698285471703847e-42,4.337536880510789765e-34,1.000000000000000000e+00,2.947136562399454448e-26
5.694469319565103384e-21,6.164896769935824740e-74,3.522646147603500173e-73,1.000000000000000000e+00
7.432236976171863635e-32,5.457967144101166888e-53,6.097581353924924619e-01,3.902418646075075936e-01
4.351237900048527951e-01,1.071313037602968424e-28,4.940590919081048193e-01,7.081711808704217737e-02
1.672191238498548034e-13,1.815608847018564464e-06,2.382431854296792814e-02,9.761738658480177966e-01
5.971521310622380785e-01,3.578728446455508028e-01,4.497502429221118814e-02,3.753688080016505900e-58
4.320803129423764085e-19,1.317067444729244918e-01,8.682932555270755914e-01,1.939690096117977093e-59
1.821564330505008998e-75,7.740612539370437251e-01,4.441872285770064651e-04,2.254945588343792717e-01
1.090993775320380428e-09,6.739136516304186086e-01,2.469344478058805581e-01,7.915189947270710735e-02
1.880694471494525184e-11,1.040539118087987647e-40,9.819509431975431690e-01,1.804905678364985069e-02
2.009126789115549816e-01,5.028212239133089678e-01,2.962660971750864514e-01,4.974821407705561365e-14
8.374370077897817920e-52,1.157757563074089806e-35,1.000000000000000000e+00,2.329999175056795260e-54
9.999675389427344907e-01,2.175544102522994032e-39,4.885977811383780298e-21,3.246105726540284150e-05
2.684991887736638250e-21,4.289486617728932583e-01,6.059986105453515334e-35,5.710513382271067417e-01
6.472209013837046659e-23,5.174104198376515695e-01,4.611431512259354039e-28,4.825895801623484305e-01
9.989522590204428232e-01,6.762347217690412270e-28,1.047740979557161209e-03,4.935317534957646290e-45
9.963115169350060807e-01,3.688483064993888522e-03,6.721632015477453175e-67,2.873793046204650803e-51
7.487653121807090750e-01,1.701751021935670610e-04,2.510645127170974544e-01,1.612585477105262754e-18
4.381103136083810273e-02,3.440205678694065691e-20,9.561889686391619181e-01,2.686092338232257006e-28
4.887292514812769515e-34,5.558808475897896656e-29,1.000000000000000000e+00,3.077704425894168249e-19
1.181669741915228373e-41,2.694284357220382566e-50,1.782109244970915651e-29,1.000000000000000000e+00
1.043726671673543161e-83,1.760589627703156613e-26,1.000000000000000000e+00,8.830063268931643226e-95
2.648661015772155181e-01,5.372364739110606635e-01,1.978974245117237629e-01,2.478621041739484677e-61
2.541987612470281187e-48,1.420799845902946890e-74,1.717494505819632263e-69,1.000000000000000000e+00
2.679080056750507848e-42,6.728642489189743392e-01,3.271357510810257163e-01,3.121529015757723541e-42
6.211856817250426266e-01,3.328279837349374077e-57,3.191895062497294831e-20,3.788143182749574289e-01
4.962748354211993229e-01,2.161421383845083139e-26,2.094542509705919352e-43,5.037251645788006771e-01
4.518493717036713759e-41,7.825997324114856379e-18,1.000000000000000000e+00,1.246190016770604864e-34
9.250532245381491714e-02,4.814054299131630805e-15,9.074946775461802950e-01,2.764535891603956755e-39
2.694956349858024236e-01,2.139712492329774451e-01,5.165331157812201868e-01,1.801209071994450610e-31
3.739306921893151281e-01,2.177577566838469758e-01,4.083115511268379794e-01,1.264753181656971468e-57
3.945896071216433088e-18,9.716450519245695139e-01,1.506224760422110908e-26,2.835494807543056245e-02
4.034668405940866865e-69,2.808629284570171724e-64,1.000000000000000000e+00,5.984576563331226793e-89
2.715770072154737869e-01,3.597834260494368053e-01,7.445195011267173499e-12,3.686395667276441968e-01
4.297043505278485415e-02,4.022384871403155704e-01,5.547910776391836718e-01,1.677159739336993342e-10
2.232235350726207010e-43,6.199746534342598370e-01,1.436038320711860657e-06,3.800239105274195173e-01
5.466073465010483663e-71,1.000000000000000000e+00,2.151125377004662455e-33,2.223084028673483262e-27
5.760095716971460611e-01,4.239904282347454201e-01,2.339305857578334346e-42,6.810840033029699752e-11
1.638812019081954891e-03,3.194373976637656654e-01,6.789223212153255860e-01,1.469101826831199677e-06
1.000000000000000000e+00,1.171732125403484589e-40,2.507009421625452288e-25,9.694785477977902670e-70
1.479661145515299667e-06,3.936206679907600092e-01,6.063761247264404242e-01,1.727621654185670018e-06
2.564558593561430871e-31,5.796963811275320919e-25,3.232004103949938993e-35,1.000000000000000000e+00
5.945768374440687199e-58,3.468469944429182969e-25,1.000000000000000000e+00,1.685777839495062772e-69
7.668679357393544495e-52,1.000000000000000000e+00,6.274650498334539429e-25,5.312534313153449525e-70
3.002803964834727670e-23,3.235182850473752314e-01,6.764817149526248796e-01,6.419720567212983039e-41
2.171604418557820104e-01,9.416559670224504074e-08,5.549294641725786015e-01,2.279099998060426790e-01
4.913015359868910117e-40,1.955350160897469272e-23,7.678715749064638496e-01,2.321284250935362614e-01
3.561278388624249340e-35,1.053406136499629068e-04,9.407396025669142459e-01,5.915505681943585004e-02
1.568421286797430222e-36,3.708008545816742349e-16,9.999674887576202043e-01,3.251124237937828767e-05
9.177289815709103457e-45,4.642426156730884614e-50,1.000000000000000000e+00,2.865231734787089653e-20
1.877062219704978057e-41,1.000000000000000000e+00,8.827189737148463441e-35,3.875407271172758142e-37
2.165908380367513148e-35,3.288505799852756415e-27,9.562199694790637533e-43,1.000000000000000000e+00
5.918160544503794362e-01,2.481498065658676033e-01,1.600341389837529882e-01,7.421536658082400338e-41
2.838190668596163868e-01,2.217543087082300343e-03,4.965447374387596535e-01,2.174186526145416298e-01
6.305702915633718525e-41,9.475849420645305802e-40,3.617062077862627512e-02,9.638293792213737943e-01
7.423738100954376806e-01,4.044520227830114819e-59,2.576261899045623194e-01,3.830144418209448046e-69
3.549155858307721327e-32,1.682727436831255030e-01,8.317272563168744970e-01,1.099154053217750225e-41
9.956868032703973803e-01,3.121577373177991949e-76,5.000077449595409479e-96,4.313196729602613612e-03
8.616601674636398603e-03,4.705007772947304989e-01,2.754685402330935460e-44,5.208826210306330973e-01
5.765273689092998055e-46,1.579698208943639144e-12,9.999999999984203747e-01,1.092848752457005766e-40
6.913809130207416085e-35,6.239963506532056892e-01,3.760036493467942553e-01,1.341061756999149234e-34
7.049048959367810729e-01,2.094783808510755365e-27,2.879861504254087046e-01,7.108953637810321372e-03
9.496827072727173645e-39,2.441166802776190993e-33,1.000000000000000000e+00,4.837840422344140591e-44
2.413910005346572106e-20,7.613542099403060315e-02,9.238645790059694107e-01,3.884348985165800558e-18
1.097545006091114655e-16,3.512509762437162480e-02,6.726532654547244567e-25,9.648749023756283405e-01
9.993567145253458017e-01,6.432827418805271832e-04,2.732773725644969487e-09,1.492431281850661454e-56
8.488271494703331947e-06,8.172549262466798385e-04,5.658971885197185969e-01,4.332770682825400899e-01
3.217072336658552402e-23,3.625281910826448612e-15,7.001872158588809958e-01,2.998127841411153405e-01
2.712029980331887580e-01,2.968631296740575354e-01,4.319338722927537622e-01,1.295155143389038812e-75
4.043508401727107793e-01,2.184741156510650317e-01,3.990728095138679730e-03,3.731843160810855986e-01
1.490736164155318179e-34,6.148929486504221281e-31,1.000000000000000000e+00,1.040349487619127304e-47
9.418545148782744689e-21,6.296068503851691700e-01,3.703931496148307745e-01,1.127281504908198590e-36
4.314785968742651100e-72,1.687564498610233065e-72,9.798369670717571589e-01,2.016303292824288274e-02
1.447325149900612563e-28,1.000000000000000000e+00,3.923697206620054076e-47,1.475297646384446314e-17
4.052821249408963822e-01,7.267196314098067025e-48,3.590168632498679886e-39,5.947178750591035623e-01
7.639725827324238334e-45,1.000000000000000000e+00,4.218234282153383812e-58,5.596466580297179392e-52
4.927973761843357489e-45,1.000000000000000000e+00,1.065327509576087231e-67,4.467356677136620561e-90
1.292127570600363126e-06,3.857849049522717455e-01,6.142138029201577032e-01,1.124148545482505319e-39
5.265537805342826048e-06,1.464182218962034619e-11,1.690551953382140871e-01,8.309395391093387095e-01
3.758248076401726062e-02,2.851932148227377586e-03,9.595655870877554117e-01,1.059239546503315564e-24
4.787783227311943612e-01,2.118842353268391616e-19,5.212216772688056388e-01,8.205183535130999007e-54
4.949178279650849888e-01,5.050821720349150112e-01,5.242756948823847261e-63,8.368797880507256907e-33
1.513063018407252285e-48,1.000000000000000000e+00,7.212666641597764624e-20,9.917856063074730195e-56
4.701760332540103615e-01,7.958052088324189079e-67,1.813384530740662570e-69,5.298239667459896385e-01
3.684926674007872605e-02,9.631507332599212878e-01,2.053003518183615333e-64,5.449188476983007834e-40
3.447455602299093202e-01,1.447645950220372291e-01,1.668957067005014672e-01,3.435941380475520113e-01
6.523910126695942135e-22,4.391324055136692772e-01,5.608675944492839127e-01,3.704694373231299696e-11
1.388969230591017407e-44,4.404374479123097652e-01,2.302062873595947220e-81,5.595625520876901238e-01
5.197618544609710660e-31,8.366673150472412335e-01,1.633326849527587665e-01,2.032075403702708252e-46
1.205999676735004422e-45,1.000000000000000000e+00,4.428734123628693384e-63,1.337158349449494011e-80
1.368785152221247370e-39,9.991367734083416163e-01,5.167189934533681531e-74,8.632265916584438417e-04
1.440287509250932133e-17,2.152776009407042501e-01,7.847223990592956389e-01,1.275825147748497822e-44
5.223051869784577044e-29,4.722000440862653310e-03,4.144825150289070452e-36,9.952779995591373163e-01
5.601977897058472139e-28,1.824385458257089713e-38,1.000000000000000000e+00,2.470687973769529344e-52
1.310696865027514979e-01,6.866659795674245352e-44,4.356372602363092719e-36,8.689303134972484743e-01
5.579092190620152936e-01,1.136676302896974125e-24,8.478857923582198822e-65,4.420907809379847619e-01
3.233892790971568613e-54,5.734827455524947881e-01,4.265172544475052119e-01,6.075382116371813940e-77
2.034161293620327411e-52,1.890369018274898440e-62,1.235082457008025198e-58,1.000000000000000000e+00
2.260108626995052383e-01,1.242622341546294670e-12,2.219005186195271151e-01,5.520886186797250295e-01
2.414698667610794435e-51,1.570683642840554765e-31,2.590051827251727647e-36,1.000000000000000000e+00
5.503086579657837651e-01,2.149779516365550500e-53,1.368327351528679172e-41,4.496913420342161793e-01
4.857274674550187844e-38,9.897112948696192847e-01,1.028870513038062338e-02,1.550940955963003195e-49
4.650844178965175880e-42,2.452673272368092892e-20,1.000000000000000000e+00,4.253136859422616390e-64
2.666022053409226045e-01,1.695609979855712558e-53,7.333977946590773955e-01,1.640150729034317998e-46
1.059919178142529387e-57,1.075985397593712857e-45,9.527936743342922954e-01,4.720632566570766298e-02
2.252458162124777730e-03,4.599718164599147816e-07,4.419105381121478107e-57,9.977470818660587604e-01
7.490083445915188318e-37,9.999999999973191445e-01,2.680746970545947171e-12,1.222099023499667855e-66
6.117703801031578144e-50,7.360249543841689279e-01,2.639750456158310721e-01,2.686519224720199557e-22
4.587625644552391947e-49,2.387413211537688713e-19,4.941680646210563355e-01,5.058319353789436645e-01
7.723991529166469583e-01,2.276008470833530695e-01,2.819658270863128990e-20,1.932553223132371828e-36
1.543631031861525490e-25,7.382141946724896098e-01,1.978822188039719644e-58,2.617858053275105013e-01
4.317112216871589418e-47,4.614783110838817732e-75,1.000000000000000000e+00,1.032864503247741356e-64
5.792620281228842982e-01,3.812979259194254750e-22,4.207379718771157573e-01,2.879455893556991802e-28
4.657564511711096947e-08,5.447257874095222663e-01,3.068483362255048505e-34,4.552741660148326708e-01
6.998523933539173569e-01,2.218765403278436792e-35,4.346540732489808814e-26,3.001476066460825876e-01
2.770731517563973043e-32,3.981613246074361401e-01,6.018386753925638599e-01,1.253751798713703517e-27
8.965340685364788853e-43,3.993312538143134471e-01,5.987230477402796236e-01,1.945698445406897608e-03
7.684551486855609274e-102,2.713069131742203433e-01,6.943474570304422056e-01,3.434562979533743732e-02
1.651144260508349043e-48,8.221803126099138482e-45,1.000000000000000000e+00,1.653044690768600745e-67
5.617216145584731792e-46,1.057272025365929070e-55,9.125323717428816694e-19,1.000000000000000000e+00
9.422560469336394938e-22,1.256714551934769997e-01,1.205653695602276091e-27,8.743285448065230003e-01
1.711432845824983914e-12,3.607156117454782821e-60,2.983756711013076651e-47,9.999999999982885912e-01
5.686419924499633532e-46,1.620617107995406472e-36,2.069761071316764295e-28,1.000000000000000000e+00
1.184249274854470439e-56,9.999999999993118838e-01,6.881565128012424519e-13,7.582894641135724968e-88
9.999999999999992228e-01,2.787491245366782639e-48,1.602052414478403134e-35,7.126068765280987396e-16
1.575588808392493314e-29,1.196251286662724342e-38,1.000000000000000000e+00,3.836049955078049547e-33
5.007496119204519887e-15,1.480632475178552928e-03,9.985193675248164036e-01,2.890828008569041365e-42
6.157073455680699414e-01,1.392018855811969183e-50,1.451830185229906330e-22,3.842926544319300586e-01
2.234524713224734782e-01,5.916896086286240410e-13,7.765475286769343288e-01,4.920778153469046397e-16
2.453117018242505689e-61,1.514558251191136611e-52,1.000000000000000000e+00,1.850528209914455791e-35
2.346354947323736951e-27,3.062746914235129347e-01,6.937253085764871763e-01,3.642267441361241989e-32
6.897668459821854059e-02,1.628422093466351528e-11,9.310233152787853461e-01,1.067119334892838433e-10
1.037624021101330105e-18,3.196824643947766739e-26,2.461162789309462744e-50,1.000000000000000000e+00
4.669095557037824877e-17,2.414732641029176526e-26,6.502285417325469608e-01,3.497714582674530392e-01
4.601005611702325693e-01,5.398994388297673197e-01,6.636229268397024977e-32,1.062740748640460237e-39
9.472660704219292567e-17,4.304912893627252775e-05,9.999569508710636212e-01,6.343693809117046968e-55
4.856351406554076239e-02,3.292511345637463531e-45,1.661518313996121266e-35,9.514364859344591752e-01
6.483600447450803550e-01,2.626026511697004801e-32,3.516399552549195895e-01,3.545834817303907332e-19
1.913356530373388972e-45,5.196638698444144833e-01,2.268177472071704564e-47,4.803361301555855167e-01
1.645822259516128948e-14,8.778589528123872388e-01,2.156720488258573398e-10,1.221410469719242248e-01
2.959935722542155756e-01,3.766066777599247350e-01,1.230537819206108807e-29,3.273997499858597449e-01
1.741611992643924086e-33,1.122733450045549607e-33,1.000000000000000000e+00,4.182565830521484342e-28
1.125946652832370110e-14,1.638302749849419176e-02,1.068778417014513149e-01,8.767391308000432870e-01
1.191836883448138487e-13,1.176265986569323174e-67,6.728640718766711881e-01,3.271359281232095739e-01
1.395140577421533307e-27,5.084481375842396789e-01,2.789469649005250976e-10,4.915518621368132890e-01
1.470519479810015184e-01,5.330345184777611767e-01,7.535057925466830125e-10,3.199135327877314916e-01
8.803109682188760118e-18,1.999686857869387990e-01,8.000313142130612842e-01,8.825820074002427944e-32
6.809071181129926487e-01,1.334808254950497410e-28,3.485609566769668484e-25,3.190928818870074068e-01
2.334696632860179354e-35,3.448772121039317006e-19,1.000000000000000000e+00,1.886924308415621664e-72
3.594811878329894929e-59,1.409953294140209312e-01,8.589770384901562750e-01,2.763209582282917282e-05
3.088034910531578485e-37,2.585426120080710458e-20,1.000000000000000000e+00,2.227625162349464959e-60
3.296117402893529871e-06,1.042320684826474088e-15,9.679277408074623557e-01,3.206896307513380090e-02
1.780452487551406274e-54,9.778916172014344710e-01,5.971725576388016553e-31,2.210838279856545963e-02
2.475681741730235856e-29,1.347163815357384166e-05,4.626694203033702990e-02,9.537195863315094391e-01
3.872779467367435308e-24,8.184437080901924011e-01,1.815562919098075989e-01,6.900147387505812623e-42
4.008158749341246274e-01,2.223206789838880748e-28,7.833966193408143634e-42,5.991841250658753726e-01
5.249841140682470764e-01,4.750158859317529791e-01,1.068243076930889272e-27,1.013489486091050668e-49
8.404095118299487953e-40,6.100823704807951599e-32,9.302996377525688532e-01,6.970036224743118847e-02
7.153868376280220209e-01,9.757975759506259124e-108,1.679734135305391044e-75,2.846131623719779236e-01
9.999999999631478120e-01,3.685216372865331597e-11,2.162612730587212086e-28,5.893270913925113433e-45
8.629673665463979159e-20,8.382421876720635989e-01,1.617578123279364011e-01,1.455353498793243813e-29
2.527277623606850598e-01,7.786966402193931485e-10,7.472722368606183885e-01,1.720345504170777714e-40
2.374792324336932236e-56,3.427196203478618858e-28,8.544722470989209187e-59,1.000000000000000000e+00
8.185673566140969559e-38,4.347793193185456244e-33,1.000000000000000000e+00,1.207457857884192398e-34
9.534327297801437745e-05,2.472294629790996928e-49,9.999046567270220010e-01,3.257888643154859855e-51
7.281499822277974475e-30,5.418509390276672333e-01,4.390780914167466964e-01,1.907096955558611889e-02
3.216035481766152393e-01,3.695657218426148124e-13,6.783964518230152230e-01,8.376974112813340146e-48
8.142655143171828591e-01,1.449434903109514672e-01,4.079099537155390920e-02,3.117179700897557184e-13
9.992915394866560552e-01,1.043518239931143982e-53,7.185782070061691027e-42,7.084605133439782773e-04
5.595311751768372377e-73,2.854615730506116433e-90,3.007897642757119688e-71,1.000000000000000000e+00
4.475141038978506791e-01,2.408288807149355059e-42,5.524858961021492654e-01,1.488550099026763224e-52
5.515350374538667035e-03,6.076750802669216300e-01,2.396893026414929073e-01,1.471202667170468381e-01
1.593284622402652839e-01,5.234644828396762817e-01,5.574876810244597867e-08,3.172069991712903048e-01
9.457438446962914991e-71,1.436351814577394274e-16,9.999999995610867609e-01,4.389130662539702834e-10
9.240431791679527419e-22,9.464581022565316618e-18,4.017979772157553864e-02,9.598202022784244614e-01
2.685461742695069798e-51,9.131021911589411177e-02,9.086897808841059021e-01,6.962302455388991365e-58
1.479677066598596158e-01,5.393384257025334781e-05,8.519783412275790946e-01,1.826999100842352884e-08
4.994032333351457275e-26,8.887821653803678907e-04,1.270113126910129564e-01,8.720999051436065796e-01
2.577209332281630500e-52,4.097395902458986217e-01,5.902604097541014339e-01,4.189281600091200706e-58
1.159813040879136071e-65,1.736290354380911329e-44,1.000000000000000000e+00,4.102483887900180714e-39
4.173991916896855892e-01,6.493600871966834590e-127,4.160351517204359667e-144,5.826008083103144664e-01
3.424410691926294343e-29,2.539623542398910527e-01,7.460376457601088918e-01,1.235835067362250802e-34
1.032850737791370279e-34,9.999999804373326251e-01,7.291967469654962752e-27,1.956266727613542511e-08
1.272520261068098026e-24,3.818137647071375707e-01,6.181862352928624293e-01,4.968296666028068312e-63
4.287088393385370485e-21,2.823194946544574369e-01,3.915003473108911590e-49,7.176805053455426187e-01
4.067004856372735851e-30,3.003597365698922328e-01,2.421164865283214618e-01,4.575237769017864164e-01
5.884238971873094397e-45,1.065707183273492336e-05,3.265044132605062627e-02,9.673389016021166631e-01
3.749337268254382124e-06,3.260902706099739201e-01,5.153475722931154523e-01,1.585584077596424168e-01
3.702367514816861105e-01,5.963633368964330787e-36,3.898690083372848167e-47,6.297632485183138895e-01
8.689326070876818298e-01,7.995127671950951340e-39,1.025049164422065222e-31,1.310673929123180870e-01
1.138145615407386533e-36,7.888861897126302480e-01,8.471492037142037097e-67,2.111138102873698075e-01
6.481178133147275089e-02,7.964992221530389216e-01,1.386889965154883275e-01,1.070033765131310332e-57
9.465420278961088497e-58,6.780523991839224119e-08,9.999999321947600217e-01,2.658746923795148868e-61
3.906260391466923849e-33,3.951335015777951432e-01,6.048664984222048568e-01,5.077714744197661253e-32
1.000000000000000000e+00,1.667829825939056803e-30,7.979989074993463718e-49,9.424108413988069236e-70
1.428927506381533376e-25,5.714611028337657217e-01,4.285388971662342783e-01,4.731451425106423549e-32
3.529504544404231114e-01,2.474365479779696922e-43,6.470495455595769441e-01,1.733902658039955501e-62
7.428784045588786126e-28,3.782533508668748934e-01,8.147211042183583052e-02,5.402745387112892761e-01
7.632525564783389728e-24,6.946510539166012746e-16,9.999999999999993339e-01,1.173428754202588847e-54
7.769182955698132711e-49,7.104964207880591501e-04,2.305621595261599932e-01,7.687273440530518753e-01
1.611942286685511074e-48,5.591291007115646234e-43,1.000000000000000000e+00,1.258524553517686618e-54
3.097224757169970191e-53,2.619399709567264978e-01,7.380600290432735022e-01,2.512587719880633893e-63
1.312341620122441379e-30,1.000000000000000000e+00,4.125488582614487047e-26,3.147150961815534338e-89
6.204008536179479580e-51,1.219180841032251328e-01,8.780819158967747562e-01,9.797542063573951506e-68
5.450815774723966056e-01,2.007452945452555377e-13,4.549184225274026661e-01,8.490213891025207682e-35
9.070646877927522889e-01,1.374424644215954204e-38,1.436641845921661451e-13,9.293531220710395113e-02
4.317537995635077341e-01,5.682456699429572211e-01,3.124743443282308595e-23,5.304935350512341571e-07
1.353339771489456578e-09,3.586036229801506936e-01,6.413963756665095328e-01,1.595095760498432994e-54
2.567088856633683634e-29,4.467934837521428471e-47,4.608514998032067211e-01,5.391485001967932789e-01
6.254885772826204097e-41,6.680739724261022250e-01,3.319260275738977195e-01,4.763205832035725628e-18
1.964356168506366733e-37,9.999999999968636200e-01,3.136364458479815312e-12,6.916901589313302919e-42
2.909851007024934635e-26,2.969060932862764846e-01,4.881874373959322333e-01,2.149064693177913932e-01
7.612571110767916982e-02,6.625761713947579019e-45,2.191968596588490083e-58,9.238742888923208163e-01
3.609022994595805548e-67,1.761775758897887953e-60,1.000000000000000000e+00,7.287786938820769407e-56
1.747929484425121762e-74,4.143052151535134842e-01,4.602395083023516182e-80,5.856947848464865158e-01
9.531191947686422334e-49,6.779169540531859906e-12,9.999999999932208672e-01,9.731557945142612540e-60
3.801168417108603350e-66,1.340696463819584045e-45,9.840910240503896178e-01,1.590897594961031281e-02
1.653228283780532461e-04,7.265058562029656719e-09,9.722262323008086238e-01,2.760843760575474801e-02
4.526613682177926685e-51,6.007521965210683712e-01,3.992478034789316843e-01,1.067051705264579971e-20
6.705924286666910070e-54,1.000000000000000000e+00,2.046458475354766388e-39,4.586740542337535395e-103
4.165372186164449016e-32,6.795752432950488142e-01,3.204247567049511858e-01,1.825505467618078569e-60
4.155497745289167266e-01,3.885864361774385434e-01,1.958637892936447022e-01,6.167098627705046399e-53
9.545958357020954965e-01,5.415093450689400627e-17,1.852389089536283970e-16,4.540416429790428837e-02
6.327537289950384281e-03,9.936724627100496088e-01,3.914724196655102926e-29,2.274217714267876835e-20
3.354094301241763477e-03,2.982385520138395446e-02,9.302822513236723712e-01,3.653979917370183544e-02
8.238540268003015088e-01,4.388148021489026405e-03,1.717578251782093945e-01,1.275202804452818701e-33
7.669637941256573317e-04,6.472110547050411544e-21,9.992330362058744475e-01,2.503307338869585250e-47
1.592080805534070693e-29,3.430560330746117559e-39,4.183564502550979273e-40,1.000000000000000000e+00
4.607069328553714978e-46,3.436994755241670871e-11,9.999999999656232763e-01,6.787468898767512937e-15
2.577355900463607201e-67,5.555353307457359669e-65,1.000000000000000000e+00,1.540571982711568864e-54
8.579986883282224625e-31,5.744507790261195179e-01,4.255492209738804821e-01,9.824898170858174066e-43
1.872861993146974318e-47,1.955092390708640980e-31,1.000000000000000000e+00,1.497520000933551224e-67
4.431419654181487089e-01,3.481892541287957438e-08,5.568579997629259370e-01,6.334221118650437295e-101
6.757554321199986669e-01,2.243931104400156984e-04,3.240201747695613532e-01,9.179183821299093739e-31
3.120904400394444636e-08,3.573848057079180851e-01,6.426151630830378991e-01,2.559311315210123245e-20
1.008757320569942594e-36,3.495318824338677290e-42,1.162273540763649157e-35,1.000000000000000000e+00
1.768336630321055753e-36,1.800591580696368421e-30,9.999999671264322432e-01,3.287356779705352141e-08
4.242569115442078043e-01,3.598788118890646204e-01,3.049614658923444832e-46,2.158642765667275476e-01
2.802898509745385125e-01,4.115517185784067696e-06,7.197060335082755556e-01,1.267200748366243583e-67
1.000000000000000000e+00,2.464329974750081460e-36,2.438172582049573588e-82,3.002166333956147484e-86
1.690525667753747274e-28,1.000000000000000000e+00,1.863597202007025701e-34,5.839858853354671209e-34
2.036755710894027606e-59,9.366888815225581366e-01,6.643480476173712259e-31,6.331111847744183563e-02
1.399694582526325306e-05,5.336466763250199419e-01,4.663393267291547906e-01,1.534474711693233366e-20
2.099660151442602346e-30,2.964125900627298527e-01,7.035874099372702029e-01,4.033566716739192652e-41
1.182736590614837769e-46,3.504223784613320436e-05,9.999649577621537722e-01,9.101506333591602077e-26
6.897485539753358022e-11,9.999999999310250631e-01,1.128713087898818488e-18,3.561975006487752988e-48
1.552613129307333891e-108,1.000000000000000000e+00,4.434770587641717989e-74,6.918627278537790223e-103
4.912607358233114091e-02,4.652063093135516136e-01,3.154863225401389748e-15,4.856676171041141021e-01
5.730999681835029225e-02,9.517089428925606357e-05,9.425948322873604068e-01,8.823501684444997793e-29
3.450607271379871920e-15,2.303650616578012150e-65,2.264088974874363256e-64,9.999999999999964473e-01
6.668726613569837211e-42,4.387570207183976228e-55,9.458136570940325338e-01,5.418634290596755637e-02
1.395452500794413797e-01,7.842136669428033668e-01,7.623102279812248028e-02,1.006017963280640889e-05
6.817280390424635852e-22,9.998950564852023826e-01,1.049435147975808131e-04,2.371553638683135372e-36
9.368452976458830905e-01,7.879108453359896427e-12,6.315470234623782320e-02,8.502069247067478455e-88
6.227222783489211322e-01,6.320442158407011379e-16,3.772777216510782017e-01,1.787448660822916274e-22
4.544764045540980223e-30,1.367342320596496019e-09,5.202922236366466224e-01,4.797077749960110271e-01
1.096479503404194974e-39,9.996729131227531928e-01,9.638041061658833082e-70,3.270868772467690200e-04
2.293118742935436498e-60,5.265849034138720963e-01,4.734150965861278482e-01,2.024182905060315555e-86
1.090871556046705624e-27,9.413011396946244404e-35,1.000000000000000000e+00,1.161943323972196399e-57
5.321013237398083955e-80,4.061767338249877392e-71,1.000000000000000000e+00,7.198110644671395249e-102
9.722064656933427086e-22,3.125570630773981673e-01,6.874429369226018327e-01,9.525072337016090784e-26
6.534678818043001123e-44,4.136962827986845337e-01,5.863037172013154663e-01,2.258963652967476736e-61
3.132702784202614499e-01,3.488715885784824782e-41,6.867297215797385501e-01,4.011161633642047331e-59
9.847212032111642976e-01,1.527879678883571797e-02,2.630536368102856311e-46,4.234769227496051121e-57
6.537534886078041997e-44,8.825577205905515376e-44,1.000000000000000000e+00,1.155704442281743380e-34
4.387012653375927940e-01,4.775298542051382341e-19,5.612987346624072060e-01,5.155432939522087139e-44
5.290149426206106948e-22,7.175049752695539958e-18,6.981901085941082385e-01,3.018098914058917059e-01
1.484537199973937497e-36,2.686953480521392934e-01,3.820610010639107212e-01,3.492436508839499298e-01
6.704995204624465410e-01,1.028896819874260802e-45,6.486290509128385554e-17,3.295004795375532924e-01
1.278958399622357977e-20,1.000000000000000000e+00,5.345654197266981610e-81,2.747671751106905293e-76
9.464439899626397640e-27,1.472162862489071744e-01,4.322521108810619654e-12,8.527837137467703110e-01
1.317917221452991403e-17,2.839072558227689260e-10,9.999999997160926579e-01,1.044745519421131558e-39
9.792218081875999961e-59,6.015330081524552369e-02,9.398466991847544971e-01,1.846316259617868734e-91
4.603871652362721556e-01,5.396128347637278999e-01,6.264901894062830819e-60,3.180985911113339963e-44
8.654393838255483145e-40,1.402523221919770650e-23,1.000000000000000000e+00,1.251704751427251617e-43
3.483042012892199890e-02,4.799795773836942336e-01,1.358810321436862764e-20,4.851900024873838091e-01
8.766281432112834265e-25,9.999998412087894861e-01,1.587912105141046916e-07,7.330491549749437617e-45
1.000000000000000000e+00,4.248048602128986986e-19,4.496722813496300141e-53,8.553058490989564641e-54
5.612053242647926623e-55,9.611046843766450147e-21,1.000000000000000000e+00,6.000147029598143093e-74
6.228246761662043413e-13,3.784422780064437858e-29,9.999999999993771649e-01,9.030862897904623427e-26
4.633648766030359911e-02,7.718095209457527477e-28,9.536635123396963731e-01,9.322041492603981810e-24
4.255642015217440122e-01,2.296779658192669993e-01,9.781690400560756357e-48,3.447578326589890163e-01
6.715279043905346991e-40,1.793799765620627975e-51,4.336563486194470142e-47,1.000000000000000000e+00
3.238759019897451963e-01,2.587445644163347871e-22,1.085986043568013506e-37,6.761240980102547482e-01
1.320413183636987412e-23,2.803715229489997683e-30,3.144847236346964631e-16,9.999999999999995559e-01
1.560077106678408713e-56,5.606555303199178400e-38,1.000000000000000000e+00,1.460099103348709750e-52
6.772443064433338045e-02,1.465283469499969417e-59,5.341883835315742095e-62,9.322755693556665779e-01
3.116713893763139454e-01,4.030532489236712256e-19,6.883286106236859991e-01,6.162617328613099273e-56
2.307904884493468714e-47,9.999999999155130270e-01,8.448692184047755080e-11,3.359655661384176985e-66
3.370061332982167146e-01,2.054051760218716026e-30,6.629938667017832854e-01,2.584950928765966018e-43
1.000000000000000000e+00,8.525621952528530877e-68,5.003047901340056118e-82,1.553779081748437277e-18
2.439624027982463585e-41,8.651374293194151143e-26,1.000000000000000000e+00,2.076430917656455246e-57
2.340889502570258978e-04,8.188839332678482519e-01,1.695523917051085565e-35,1.808819777818947983e-01
4.612511394640394100e-07,3.313870423609172056e-01,6.686124950805971690e-01,1.307346183430003652e-09
1.683060512740786270e-34,2.274916767136620172e-28,1.000000000000000000e+00,1.013914763020989983e-62
6.168572444839286462e-01,1.212517954585971504e-59,3.831427555160712983e-01,1.143051367191877434e-71
4.988799105325392169e-01,5.011200894674607831e-01,3.870582654475010351e-38,2.792785118061199580e-42
3.331123345786453083e-01,3.777140963564297538e-11,6.668876653807017663e-01,2.881474995659673767e-12
1.133994919292570513e-01,8.866005080586780718e-01,1.206487062178062398e-11,4.624700409961318988e-54
6.475143732328809190e-29,8.438259050413404617e-60,2.184361076219026189e-36,1.000000000000000000e+00
